-99.67  -14.64
-90.67  -14.60
-81.67  -14.55
-72.67  -14.48
-63.67  -14.38
-54.67  -14.23
-45.67  -14.04
-36.67  -13.79
-27.67  -13.46
-18.67  -13.03
-9.67   -12.48
-0.67   -11.80
8.33    -10.96
17.33   -9.92
26.33   -8.67
35.33   -7.17
44.33   -5.38
53.33   -3.27
62.33   -0.80
71.33   2.07
80.33   5.39
89.33   9.19
98.33   13.53
107.33  18.45
116.33  24.00
125.33  30.24
134.33  37.21
143.33  44.97
152.33  53.58
161.33  63.10
170.33  73.58
179.33  85.08
188.33  97.68
197.33  111.43
206.33  126.40
215.33  142.67
224.33  160.29
233.33  179.36
242.33  199.96
251.33  222.17
260.33  246.07
269.33  271.77
278.33  299.38
287.33  329.03
296.33  360.85
305.33  395.01
314.33  431.76
